221466747
218995728
217547487
203661946
203661746
203661856
203661786
203663536
203661756
203661826
203663196
203663716
203663756
203663796
203663776
203824246
203663736
203663786
203663726
203663706
203663826
203663816
203663676
203663766
203663856
218032598
210178838
203663836
203662066
203661966
203662006
115002202248
203661976
203661996
203662036
203662056
203662026
203662016
203662046
203661776
227331747
224908967
115007688207
217078128
115012037228
203661506
203657756
203661866
218032348
203661496
203661576
203661606
203661586
203661466
204108983
203661616
203661636
203661626
204577973
204577963
115009522787
115009692388
115004884827
234968947
229167008
222874768
217475337
115002555167
203661666
203908456
203661556
203661546
203661486
205272467
217114607
203663326
203663306
203663296
203663256
203683886
216954207
203663336
115004252728
227437147
203663236
203663266
203663686
203663276
203663286
203663246
215598318
203662226
203662246
203662236
203662126
203662106
203662156
203662116
203662096
203662136
203662206
203662176
203662146
203663146
231249907
231738868
203662376
218264567
217101828
217592937
215884478
207729238
205951808
204770038
204411593
204370563
203777516
203981113
203755166
203662446
203662426
203662436
203662416
203662406
203662356
203662346
203662306
203662296
203662256
203662266
206146718
206544348
203761906
203663376
203663356
203663366
203663346
203663926
203663916
203759096
203759086
203759076
203664306
203664246
203664236
203664166
203664146
203664136
203663956
203664106
227745787
203660196
203660206
203660226
203660026
203660216
203660036
203660016
203659996
203660006
203659866
203660116
203662486
215115188
216596738
204890268
203662506
203662476
204410413
203927716
203661156
203660866
203660846
203660816
203660756
203660266