218425247
212679087
115010347727
115010398048
218953857
219848967
212679237
115010355747
115010754368
223414387
212679527
212015708
212679597
212679577
217802018
212015968
212679627
217897448
212015988
218264107
217777918
212016008
212016168
212679837
212679827
218376247
212016478
212016418
212016488
212680107
212016538
212016638
212016688
212016678
212016728
217784088
212016698
212016748
218988657
212679857
212679647
212679657
212016318
212016658
212680477
212016818
212680437
212680337
212680297
212680287
212017088
212016788
212016768
212020688
212017238
217783888
212681617
212681067
212680747
212680737
212680727
212020408
212019968
212019468
212018708
212018328
212017268
212017248
212017218
212017178
212017168
212017158