233430667
228415408
234968687
234745028
234745208
234968947
217547487
223326068
209285358
221466747
212374637
203661946
203661746
203661856
203661786
203663536
203661756
203661896
203661836
203661956
203950436
203661826
203663196
203661906
203663716
203663756
203663796
203663746
203663776
203663686
203663736
203663806
203663786
203663866
203663706
203663826
203663816
203663676
203663696
203663856
218032598
210178838
203662036
203661996
203662046
203662076
203662006
203662056
203661986
203661976
203661966
203662026
203662066
203662016
203662086
203661776
203661766
204579233
217078128
203661506
203661866
203657756
218032348
203661496
203661876
203661576
204265396
203661656
203661646
203661586
203661466
204108983
203661616
203661636
203661626
204577973
204577963
204382463
204382443
204382423
217475337
203661596
203908456
203661546
203661486
204256073
205272467
203661676
203663336
203663306
203683886
203663296
203663326
203663256
203663156
217114607
216954207
217117617
203663236
203663266
203663276
203663286
203663246
203662226
215598318
203662246
203662236
203662126
203662106
203662216
203662156
203662116
203662096
203662136
203662206
203662186
203662176
203662146
203663166
203662166
203663146
203662196
203662376
218264567
217101828
217592937
215884478
207729238
208018217
204770038
204116536
204411593
204113956
204402153
204370563
203777516
203981113
203755166
203662446
203662416
203662406
203662396
203662356
203662346
203662326
203662306
203662316
203662296
203662286
203662276
203662256
203662266
206146718
206544348
203663386
203761906
203663376
203663356
203663366
203663346
215115188
203662486
204890268
203662506
224906907
205891418
204172316
204410413
203927716
203661156
203660876
203660866
203660846
203660816
203660756
203660696
203660386
203660266
217677367
203663316
203661806
221138367
203663226
217385687
203663206
203663216
217743418
203691016
203690856
203690796
203691006
203690996
203690866
203690846
203690966
203690956
203691046
203690916
203691086
203691116
203691126
203690926
203690946
203691106
203691076
203691136
203690986
203691026
203690816
203690826
203690886
203690896
203690976
204281156
205405237
203691146
203691156
203691066
203691096
203691166
203691196
218113638
204231676
221136307
224857687
221132767
224858627
203664346
206177737
203664456
203664336
205402328
205402318
203664396
205511148
211317328
203664356
204112776
203664416
205753348
203664426
216367358
225031208
224892667
203664366
218222877
216207658
225031168
224892607
217965348
218456357
203664386
205586568
203664406
203664466
215137847
203906366
213857708
214631347
214510868
214630317
214630327
214631357
203661526
203661686
214629687
213857548